7485551006
1206769860
6880182243
7321746437
8323318813
6322903015
7071933671
2009959343
7778964092
5981025673
8409974248
5856392711
1391622070
2061352347
6075637528
8179613787
6196982831
111061759
452158464
1734248597
6491423398
6997085242
6163571878
5437263758
7939719866
8389078988
168497082
5014487814
301635570
7418582075
5346283434
750140354
584496503
6162326751
658916109
295708400
1215286497
6644110047
7102403595
8404629263
6411644750
455876617
1605295998
1228636266
6417295772
7684160024
7223200921
7015210448
5971718356
5996178201
6912883097
336508783
5515043657
8137002914
7901670975
7098285336
316243180
2004245437
6875986918
7383145377
1121629487
7820952924
1253014045
1190680032
1194722338
6094552439
7898661105
1298598576
1627900460
1423719864
5778374767
5760463837
1440650332
6520217211
5728482461
1924256518
684740866
6009533999
6731360900
5315492439
5773845183
6738426069
1418522621
1421814874
5542661371
8115477231
5510583688
7918619655
7633756904
486771821
160500603
1336748046
7022724724
5589446722
5853823913
5507298691
205661241
8348646110
7621557626
5903156975
7405395211
7761637811
7303471148
7422059628
6220307583
7901269641
6968128718
1542719915
7169222353
680675661
644730371
1807736957
5683865738
7509465147
7743628260
1832483050
792901603
1493557530
5799608616
5669600587
49298695
7483623669
8175595937
685890542
6688859856
7176741912
6608172704
2090030813
5687846440
6551411114
1452336201
8614318707
7704269356
6800256819
8346348307
6388850349
8588575519
874487426
7803079551
5307122422
1675767025
6554238623
6532969341
927483920
1470198359
7151396722
173834694
6302208955
7679903834
6055465136
7501629259
6127227838
8524272012
8427959622
26757714
654080784
980475664
704252393
6344548849
126889857
8639228652
6659667294
7445396153
1389120400
6838740225
214039915
971200593
1063080619
5502491763
5952362413
202660417
8262256645
6226952049
1598256958
1142213415
7740384090
7311489824
6067991765
7893975598
2053504321
1238957197
6347086593
6927162778
832046303
7941548196
938647268
7195558636
8418974769
6510270875
6826597187
7293646350
7161802676
8417895735
2039166810
7419764439
543906071
490912711
1164383036
7278946987
6732355984
7061566385
7478087063
6929645112
6979282645
2115481702
7650156240
6149274655
8003300161
6504564809
5980945577
6674474158
725243199
5624524664
6026852070
1144249933
6792329083
5244491764
6210870597
6816598652
6557342282
5854481558
114543259
5073426003
7459135922
195519961
749724829
1307410403
204305812
7282811240
6648185073
5724479955
8563520425
5166164855
7568260416
615022716
7402838953
6009061182
7285145281
8109373205
253576256
